50 8 2875 2925 2947 2995 3038 3033 3083 3129 3131 3172 3197 3264 3356 3393 3452 3544 
100 10 2904 2942 2954 3034 3160 3107 3152 3226 3222 3197 3295 3293 3343 3409 3568 3581 
1000 87 3064 5219 6913 3001 3048 3071 3124 3168 3172 3204 3252 3318 3374 3453 3499 3582 
5000 360 3248 5348 7024 8631 10666 12062 13772 15369 16401 16949 16852 17546 15981 16211 16036 16048 
10000 727 3607 5543 7336 8747 10229 12106 14181 15536 16940 17520 17828 17866 18522 18741 18598 18748 
50000 3823 6841 7551 9022 10352 12001 13662 15680 18055 19584 20917 22829 24346 26725 28097 30357 30816 
100000 7775 10803 9909 10624 12003 14109 15931 17619 19098 21750 23580 25900 28350 29298 31460 34138 35303 
500000 41394 44654 29948 26362 26829 34472 35671 38280 40041 46003 48392 50524 52454 55665 59236 61905 64808 
1000000 85364 88738 56346 47473 46957 61616 62216 63974 68830 78231 80570 82770 83190 91025 95181 96139 103199 
10000000 932396 932100 560246 448805 419221 453153 494476 533394 563870 603543 629861 650721 680797 710369 739160 770941 803304 
