50 6 120 109 113 126 150 163 167 164 176 189 206 214 249 242 248 275 
100 7 111 119 129 135 149 153 176 185 196 198 212 220 243 267 270 267 
1000 75 212 185 183 161 172 184 209 228 233 250 279 293 289 331 323 354 
5000 407 618 481 449 347 353 388 459 506 578 624 649 699 716 740 783 850 
10000 781 914 725 610 520 554 615 656 691 757 815 870 945 1003 1090 1138 1206 
50000 3829 4051 2667 2486 2169 2462 2669 2666 2962 3397 3536 3633 3788 3941 4021 4301 4573 
100000 7834 8041 5220 4664 4514 4857 4931 5168 5470 6704 6835 7125 7426 7740 8144 8583 8888 
500000 41521 42059 26194 21624 22862 23184 23695 24690 27279 31697 33258 34517 35391 36987 38972 40897 42405 
1000000 85637 86429 53677 44685 46923 47298 48212 50988 55224 63606 66411 68810 71438 73828 77151 79678 83292 
10000000 940708 946361 591122 489705 451226 465454 491781 522215 562403 624159 659622 676367 699963 724969 755246 790232 824882 
