10000
267
515
567
250
380
68
514
266
835
755
816
24
446
954
365
119
817
857
877
474
571
329
772
810
552
221
103
811
222
676
158
841
191
77
91
923
145
958
189
332
65
6
708
863
312
74
982
481
931
212
956
854
541
728
16
93
301
120
904
875
148
414
717
339
491
160
262
989
470
804
321
535
810
30
399
474
456
733
956
739
945
264
594
838
344
610
932
646
82
188
521
230
603
590
921
446
751
536
787
221
340
109
109
502
491
860
976
947
945
284
38
243
900
632
81
245
595
365
891
29
554
764
260
509
355
181
307
106
717
95
679
409
556
140
911
47
352
240
346
298
876
384
541
777
369
974
22
316
340
265
345
246
29
605
107
736
139
414
194
208
861
226
618
417
366
881
816
719
473
162
369
350
899
262
479
620
588
853
936
928
470
281
174
499
239
281
588
730
48
782
938
909
8
908
327
727
790
143
798
615
658
167
317
557
781
796
529
369
1
465
650
471
98
176
323
689
458
911
419
858
693
710
767
54
970
446
781
112
942
579
728
600
98
45
509
231
194
38
952
195
855
602
667
305
779
990
995
589
901
766
447
946
828
566
0
799
13
133
911
307
712
639
907
162
685
768
745
879
806
698
426
13
300
93
318
79
83
313
20
984
432
467
283
260
386
283
59
751
417
971
58
481
962
317
996
999
85
741
230
243
791
657
256
92
750
926
523
186
240
896
522
24
363
805
284
101
441
696
852
210
19
910
43
981
579
39
333
664
133
563
259
276
220
867
368
323
794
244
509
34
140
31
410
855
189
46
957
630
742
161
840
113
424
883
95
3
275
428
20
760
343
279
36
916
147
757
239
941
1
100
327
493
483
89
700
672
135
9
302
878
171
494
991
947
378
438
950
653
218
322
413
914
602
801
830
101
558
421
394
911
521
721
404
4
162
457
29
297
466
683
527
989
178
871
936
556
309
239
561
880
561
326
794
515
127
624
616
38
45
10
949
918
83
706
274
245
163
303
543
981
987
70
971
165
293
259
73
603
498
986
835
60
664
629
575
143
605
544
181
2
554
131
920
990
189
194
235
352
850
130
685
837
553
8
354
846
268
779
801
766
765
636
178
781
617
106
924
222
650
106
224
556
589
496
546
778
691
134
482
893
616
519
730
169
528
436
368
796
567
521
914
332
510
445
465
127
551
389
702
201
847
278
109
788
775
656
918
818
790
400
711
758
272
793
280
800
229
648
948
796
521
214
480
31
659
297
511
562
686
213
763
886
491
225
674
618
881
593
436
23
345
499
781
617
292
61
417
873
61
717
21
583
932
853
966
591
150
477
154
189
690
269
75
534
494
101
152
727
694
941
750
40
440
884
9
85
297
779
310
359
496
332
294
428
537
260
372
40
738
878
229
780
499
656
666
346
757
171
73
452
112
176
844
904
60
853
341
357
632
652
68
481
336
362
909
225
975
633
265
65
511
494
197
11
150
864
357
260
35
430
712
499
958
908
403
18
113
97
728
98
749
796
579
437
511
488
662
486
474
928
903
985
774
100
996
277
964
705
537
351
488
601
850
446
509
606
465
622
703
545
720
804
693
651
241
204
140
255
42
614
183
945
951
310
398
300
587
714
5
476
66
493
77
916
940
586
522
757
560
577
302
633
381
995
284
622
552
776
878
594
742
413
892
694
75
642
994
14
356
999
490
774
845
919
43
785
505
917
542
418
495
196
51
876
543
687
851
95
464
729
42
206
494
286
252
922
928
246
936
636
598
779
411
443
698
454
580
556
371
122
974
218
670
377
95
565
64
946
13
528
27
407
87
873
693
339
795
973
938
84
961
536
863
372
331
561
178
911
117
902
385
91
120
55
820
567
972
885
513
985
765
892
392
852
766
437
192
561
762
130
645
724
18
860
448
349
422
979
260
539
881
645
983
353
52
803
921
24
40
434
362
806
679
754
658
445
544
202
358
306
684
356
382
702
216
831
403
638
810
15
530
43
660
865
748
64
668
669
441
61
456
803
867
135
909
525
580
453
80
290
112
764
646
494
467
863
325
222
853
487
238
735
882
898
600
631
315
621
300
756
682
108
911
549
243
820
426
175
626
506
466
738
271
464
232
90
679
558
312
533
397
550
620
280
801
221
911
116
842
211
224
524
672
135
425
915
307
851
91
933
358
909
671
981
373
904
71
405
814
383
938
211
286
558
491
87
131
754
555
973
318
131
849
990
266
274
905
925
478
348
859
188
609
530
169
335
786
240
740
600
975
30
164
613
940
7
52
72
762
607
397
80
738
599
422
356
225
679
282
703
28
493
891
989
375
60
324
162
652
416
114
980
798
630
593
739
638
646
163
752
605
912
184
696
511
606
404
737
285
686
792
665
531
684
655
907
96
331
421
101
100
887
81
898
518
26
637
156
24
152
908
630
65
92
678
928
50
82
665
335
121
458
1
652
494
8
911
590
339
332
43
439
572
476
338
90
503
327
598
879
480
858
509
897
950
539
825
352
622
843
687
743
653
40
395
147
48
659
89
388
343
133
179
915
609
869
5
464
197
603
344
29
813
205
926
763
745
103
467
367
946
155
110
599
195
857
746
244
516
188
984
212
673
515
127
282
385
485
99
582
440
443
963
254
0
241
369
745
344
837
464
291
992
926
890
539
784
989
135
652
177
119
216
850
635
344
484
20
829
935
954
269
730
269
523
731
510
245
476
854
82
293
145
74
219
388
965
355
729
101
360
906
220
576
108
207
920
944
579
101
232
885
723
962
154
598
693
664
843
522
519
925
815
16
351
386
756
317
742
485
418
102
743
990
678
203
550
951
148
129
404
380
15
127
694
169
726
388
834
569
910
705
495
77
73
846
463
830
515
557
315
285
659
59
276
690
262
826
993
762
307
397
494
322
877
189
844
603
577
30
172
839
735
19
268
160
218
731
990
733
289
306
19
300
365
647
342
979
825
335
742
132
85
236
807
962
425
651
917
354
33
89
193
120
461
813
280
31
545
271
116
186
577
487
838
294
134
533
273
311
868
367
444
305
604
603
619
29
606
536
736
639
978
929
759
439
743
39
470
640
662
938
178
591
426
368
237
560
901
511
872
122
878
668
779
834
271
399
216
877
935
952
868
913
233
627
704
328
18
526
320
33
465
498
624
891
219
862
803
472
725
27
594
955
695
374
790
318
773
358
547
60
310
415
326
543
394
30
224
765
909
544
798
374
395
774
617
614
636
420
86
713
448
33
669
495
759
811
814
884
521
713
944
831
129
270
726
875
301
950
992
210
495
142
936
890
917
553
856
905
325
294
619
773
327
640
269
86
803
435
970
324
148
267
507
629
537
233
857
190
536
849
752
383
992
40
625
261
593
481
166
919
775
137
44
455
777
665
893
932
100
216
608
601
483
115
230
372
701
439
563
237
289
667
972
633
708
597
894
653
78
60
924
205
198
969
660
327
986
906
612
87
122
220
40
605
688
622
977
389
62
892
978
703
912
950
336
620
899
230
625
977
642
550
534
192
871
547
872
857
453
484
296
575
56
336
532
744
311
861
485
373
754
815
76
666
117
764
638
16
346
615
345
340
165
880
533
388
427
757
598
880
593
894
807
1
583
339
746
246
200
583
619
306
751
47
324
868
811
962
237
509
578
582
849
95
462
734
836
241
491
434
121
436
680
280
438
615
619
536
861
172
471
832
478
222
879
155
91
42
469
328
903
399
262
753
495
725
839
683
966
683
117
440
119
797
72
909
765
692
445
626
216
917
811
46
139
690
201
582
85
671
262
340
70
525
93
917
602
285
600
568
968
69
360
439
867
433
349
984
477
794
962
693
63
773
91
203
816
293
137
901
316
400
241
386
925
687
656
527
324
256
447
292
326
160
731
545
593
80
881
422
227
843
467
290
617
558
845
433
203
983
686
519
383
279
906
660
318
914
539
642
170
338
934
848
498
18
745
443
450
626
865
677
470
684
320
87
243
165
872
446
148
558
966
883
837
224
543
508
138
434
150
660
773
437
509
271
455
606
715
905
233
932
935
55
617
255
494
212
772
366
10
921
276
976
804
465
552
700
973
690
134
124
703
907
561
564
531
368
170
598
625
755
530
912
810
499
167
304
63
940
22
74
213
298
50
369
116
955
69
89
645
204
565
700
463
126
264
994
846
435
592
472
542
123
384
353
974
904
9
38
196
384
112
409
34
514
778
150
469
848
240
467
404
805
167
867
284
784
862
130
219
454
602
113
929
339
466
256
243
828
646
439
212
110
200
246
976
978
397
798
178
989
265
934
146
784
802
430
568
16
913
139
822
867
253
104
206
71
712
449
251
358
240
463
820
440
62
796
771
811
594
301
152
211
236
298
996
390
81
916
406
994
408
580
213
13
36
420
436
748
221
688
458
462
503
278
254
917
75
377
728
669
679
880
881
267
531
229
657
612
497
415
958
257
995
171
270
384
943
59
132
165
747
591
979
602
869
585
520
296
963
248
966
994
481
199
261
364
780
918
328
277
333
286
535
680
809
157
64
753
216
549
270
315
140
249
918
361
186
438
658
149
38
976
143
871
175
756
235
307
674
563
936
359
201
823
392
11
981
456
116
549
5
386
865
497
987
135
859
173
925
517
675
315
845
170
187
20
927
422
679
953
338
615
313
539
439
705
550
772
513
18
321
871
756
538
368
743
25
227
269
950
96
944
266
293
114
453
665
393
227
344
347
565
960
660
105
399
717
7
171
230
378
844
101
134
383
822
878
760
401
147
711
498
443
329
143
557
782
809
303
361
153
650
927
113
662
384
864
379
743
387
961
121
232
63
256
967
885
134
727
286
633
790
136
76
119
280
985
253
89
640
615
594
290
894
708
952
278
924
683
373
664
645
495
248
708
751
215
945
237
294
583
222
437
72
298
556
704
635
810
145
276
777
739
918
671
799
871
301
724
554
674
388
551
169
636
611
272
203
556
509
849
492
731
286
564
381
195
620
369
357
765
997
486
504
915
157
304
138
810
380
45
836
768
596
358
756
208
630
311
116
492
512
960
575
151
524
309
346
496
30
55
261
379
541
766
294
50
70
785
212
450
182
48
570
778
406
678
338
389
341
807
233
853
767
160
4
644
469
702
140
851
109
402
230
650
520
877
52
590
662
264
392
196
665
314
326
423
992
665
812
333
472
397
538
591
558
543
235
27
597
376
231
707
130
461
709
650
338
114
592
352
378
336
548
43
650
875
467
994
892
631
679
716
29
569
307
587
464
543
966
62
271
549
121
401
11
182
403
349
296
995
54
675
683
602
70
685
829
889
31
721
873
62
437
902
631
97
841
96
640
159
510
263
709
631
16
72
813
419
773
110
766
827
137
801
782
559
486
611
449
517
685
674
579
474
576
562
571
769
658
563
280
168
826
341
151
842
413
965
613
187
427
731
14
916
532
796
475
18
760
276
887
445
950
818
271
878
381
843
999
391
406
280
560
585
621
711
779
35
28
393
574
807
476
940
75
9
89
551
379
849
179
267
646
482
437
917
360
818
112
360
562
871
992
122
456
613
185
587
0
566
332
926
725
809
867
801
818
956
704
549
157
883
168
803
365
606
72
78
776
537
438
338
408
782
812
216
747
350
803
100
916
136
26
993
297
245
794
115
201
498
16
358
734
185
513
451
143
938
529
919
475
319
610
883
101
422
451
849
772
254
301
40
742
327
34
39
573
180
506
126
679
523
485
765
60
350
216
203
288
746
474
763
417
84
998
519
859
801
720
983
56
21
24
150
700
410
190
625
590
48
752
621
571
589
386
983
939
603
186
580
701
13
695
118
97
694
637
308
495
709
292
903
730
668
54
783
78
596
408
668
996
160
290
920
101
28
903
41
631
442
621
332
455
316
803
552
362
792
861
210
502
505
465
584
173
871
367
251
467
128
271
816
288
561
736
390
590
639
783
573
81
756
258
536
424
61
441
139
853
654
349
355
159
814
292
332
38
659
935
857
139
206
673
428
768
409
170
710
49
305
635
482
413
893
19
837
954
812
328
160
466
677
867
625
844
159
309
882
171
244
739
310
450
765
90
570
174
612
280
575
917
916
58
682
161
429
520
116
241
848
628
707
878
495
332
74
655
641
308
826
885
399
136
687
164
227
258
339
839
538
266
109
806
324
791
968
753
663
436
994
864
64
701
94
559
385
168
566
378
828
392
615
579
881
303
744
108
561
435
299
451
701
760
258
378
552
578
131
567
14
478
431
430
531
877
989
269
397
908
647
225
300
615
805
181
918
901
641
479
688
293
282
389
53
540
119
957
118
603
525
484
81
308
914
612
186
256
881
583
164
881
161
816
496
318
998
414
219
991
245
907
284
527
648
690
420
768
647
890
371
524
375
804
833
641
768
371
249
650
954
413
883
467
230
379
785
580
145
4
571
742
263
208
621
264
898
393
384
545
284
107
422
659
911
255
652
679
626
902
681
932
667
564
752
897
295
537
829
792
894
753
886
509
313
860
773
211
253
157
108
537
264
530
548
527
137
201
207
115
455
240
48
122
157
800
372
452
689
201
597
935
306
835
445
619
695
218
182
949
728
291
486
344
173
35
872
311
588
431
426
43
671
826
165
828
978
537
633
668
91
230
603
397
65
48
369
113
619
551
62
699
842
900
43
16
287
267
679
875
698
105
270
370
932
788
198
910
325
831
930
768
413
534
518
831
934
887
944
905
438
358
604
633
258
648
1
546
915
680
773
966
785
44
336
69
832
886
332
509
718
262
278
483
796
148
314
83
35
610
988
825
968
593
458
227
593
811
125
860
491
898
826
629
942
514
50
126
401
382
636
471
645
266
954
793
414
621
228
801
231
217
978
552
162
789
131
107
600
256
319
444
154
146
425
449
12
475
575
413
210
563
884
207
829
191
0
595
812
229
748
395
798
727
947
312
516
78
419
468
334
738
912
841
236
689
290
249
517
865
662
727
429
899
934
610
90
286
558
254
867
306
649
665
385
949
329
253
379
748
722
66
487
986
907
723
28
549
324
545
766
987
272
547
238
558
158
680
196
68
934
64
374
935
81
112
884
411
365
616
511
439
682
998
778
589
74
806
490
398
351
256
737
975
804
327
885
314
7
81
382
941
497
108
877
931
220
113
694
938
729
205
729
411
556
507
352
630
313
194
380
16
451
470
343
607
797
228
921
805
662
303
98
511
763
975
442
336
441
136
626
170
342
355
934
250
863
638
880
528
833
612
897
284
82
240
243
232
821
164
37
835
819
135
346
934
463
141
270
904
277
896
426
971
252
712
221
467
351
453
347
536
418
596
172
852
189
415
84
10
579
473
845
750
609
543
684
424
684
955
680
314
203
458
285
807
171
859
626
874
664
326
410
82
922
582
935
111
349
19
121
280
493
318
30
454
214
714
230
898
21
910
212
577
720
850
384
891
61
363
117
725
689
879
808
611
813
95
75
162
114
548
442
959
867
824
765
433
891
995
331
912
257
896
841
978
746
578
221
807
941
339
884
630
218
692
593
32
787
668
546
254
217
989
565
436
813
331
869
704
678
552
969
288
448
162
618
194
740
839
353
681
530
238
663
101
282
257
485
422
277
31
676
846
372
241
634
538
924
855
594
603
408
563
243
856
726
861
403
818
700
756
500
583
346
515
684
629
124
521
51
402
904
79
600
277
672
235
815
597
90
409
552
850
325
795
59
403
656
462
221
708
570
73
291
917
589
327
898
713
200
301
467
105
380
420
382
52
655
549
1
97
310
553
300
987
700
359
390
356
821
964
417
743
389
60
12
978
388
910
44
588
563
863
45
295
283
427
348
938
328
701
388
639
607
688
626
307
399
369
16
220
685
433
315
74
493
328
405
233
590
449
174
154
312
219
449
948
999
149
238
679
851
626
318
458
666
297
117
65
18
133
637
703
918
953
129
764
281
534
349
223
335
523
377
0
95
179
948
446
328
186
125
531
165
796
341
831
445
459
249
463
944
886
518
215
191
647
979
824
534
328
48
869
204
777
869
651
956
817
97
637
4
574
520
169
370
862
352
815
673
953
630
969
840
500
184
383
148
515
208
34
196
608
903
400
385
773
403
694
942
500
331
946
74
851
467
797
65
172
964
738
125
595
60
317
447
244
701
947
112
261
981
308
221
885
60
606
10
463
652
952
315
983
251
741
187
718
538
252
242
503
343
368
450
755
685
249
999
738
197
463
999
178
771
572
63
183
179
73
998
183
378
313
167
629
407
706
347
945
310
590
800
5
310
602
760
995
852
112
734
401
575
85
579
699
658
995
234
189
420
233
372
798
898
891
427
305
949
127
603
260
717
755
617
27
358
378
374
562
490
460
315
417
898
894
116
908
889
351
449
662
584
173
460
834
417
888
140
366
15
743
978
84
498
596
463
208
974
189
122
816
650
437
233
900
684
350
808
573
53
609
235
989
782
48
823
199
936
963
918
303
58
896
739
557
492
202
117
818
743
592
634
393
29
868
645
713
570
805
639
623
414
226
964
197
274
787
748
562
103
666
217
161
563
956
70
407
510
540
226
254
132
860
999
161
728
645
227
650
450
866
273
865
92
237
414
719
377
514
633
480
181
851
641
96
159
64
503
670
604
81
276
736
942
275
249
22
272
476
673
75
342
298
292
787
888
706
858
265
220
491
745
753
694
738
849
854
154
705
876
758
786
504
846
728
779
96
103
404
572
776
479
915
426
771
54
314
829
264
579
401
755
676
155
802
415
356
8
921
61
884
680
200
388
526
280
519
622
383
275
195
511
754
462
938
877
868
252
58
132
184
460
239
860
967
41
627
323
49
549
737
285
229
937
25
107
569
545
82
953
820
277
816
927
91
106
156
311
359
215
443
543
675
34
755
994
76
383
317
477
932
406
763
513
695
788
620
265
685
702
570
858
331
386
785
774
845
293
85
204
508
880
99
535
915
854
529
343
589
199
820
521
605
583
386
301
724
359
566
409
61
488
267
745
226
404
519
71
698
957
627
558
189
726
446
104
933
975
799
522
174
620
396
132
555
134
433
631
493
351
41
907
191
660
652
417
417
523
489
467
832
116
25
22
195
471
478
480
799
278
354
325
250
102
457
157
237
242
789
730
945
182
637
136
842
641
554
611
165
395
78
997
863
456
371
410
927
850
890
78
128
597
404
730
699
213
887
936
456
676
19
401
210
656
890
53
650
796
16
815
191
95
164
406
551
536
169
830
386
59
261
866
8
665
596
708
878
835
996
686
864
15
88
74
24
978
479
674
126
496
841
317
943
5
75
846
893
244
676
631
656
289
497
664
954
445
724
185
633
73
871
497
440
311
571
816
641
51
842
767
899
683
436
842
41
864
688
286
108
716
918
116
6
767
133
960
213
209
497
846
282
369
695
723
32
266
539
674
669
382
793
568
417
230
410
810
94
98
97
554
815
15
671
821
782
156
133
347
365
631
545
648
352
240
723
736
859
614
410
528
996
204
449
766
786
859
576
232
310
25
786
125
40
809
298
175
965
783
874
683
766
420
683
118
12
406
207
223
20
617
752
369
173
201
487
311
412
415
543
722
441
330
199
481
139
849
8
457
633
883
492
399
655
175
870
19
933
77
243
305
46
347
674
220
548
513
883
312
929
427
35
370
757
586
203
248
436
212
57
69
447
549
820
454
724
690
473
657
119
716
963
166
63
989
738
963
503
621
276
432
48
663
154
157
249
357
406
685
921
463
106
720
13
927
174
737
617
0
747
89
68
710
255
484
51
345
799
554
966
427
338
367
90
492
524
692
202
930
729
123
394
836
844
759
115
370
848
84
722
595
173
791
657
428
275
709
773
74
615
92
502
954
459
944
798
983
636
0
914
718
476
660
554
672
771
669
42
619
753
117
567
279
908
576
707
535
285
833
961
253
925
815
559
384
760
357
367
748
710
633
818
186
645
724
858
416
393
252
388
499
369
955
778
277
531
837
164
169
670
126
422
947
293
981
683
53
690
51
154
400
36
324
938
682
49
796
450
794
49
838
293
418
145
423
48
677
613
564
846
635
42
620
583
336
953
266
741
995
669
895
396
58
572
334
92
621
483
542
415
532
733
61
302
878
484
702
555
97
619
753
85
661
725
668
997
678
934
739
674
956
986
422
14
558
108
106
179
591
648
595
475
733
656
130
612
492
832
167
942
451
273
27
465
998
695
462
29
981
201
55
289
188
477
303
98
585
761
278
529
762
225
4
495
881
134
107
725
319
627
667
122
900
46
587
250
93
50
631
75
603
686
716
143
515
20
242
453
133
520
982
895
745
338
391
978
473
498
55
144
477
723
266
729
769
206
980
863
608
963
290
211
650
6
355
165
378
949
618
512
469
952
759
566
291
150
896
116
1
951
260
478
26
878
208
796
436
540
11
44
503
653
608
505
11
315
23
742
264
993
606
85
946
365
651
237
868
899
705
869
850
965
699
877
843
259
25
632
151
388
676
7
41
636
512
404
951
887
146
215
881
752
652
827
470
303
416
338
554
121
559
405
438
258
634
633
870
659
265
21
47
294
380
440
930
245
844
882
132
991
449
13
95
102
192
565
757
960
903
664
433
462
69
871
73
703
857
943
362
122
316
761
416
697
201
699
942
397
581
74
388
382
440
484
836
984
401
946
945
305
610
378
119
31
602
192
734
459
135
448
933
804
561
702
501
762
401
795
159
334
221
900
716
661
736
905
646
137
851
943
794
813
321
914
844
275
106
930
86
594
378
20
398
939
722
251
53
123
398
564
457
619
816
525
633
552
430
279
42
633
574
836
446
247
750
290
523
857
220
609
451
950
981
201
241
703
804
294
178
202
211
635
821
27
513
806
932
943
437
974
929
11
810
375
259
561
18
782
770
590
743
573
893
725
774
134
780
930
781
959
132
344
946
305
371
459
464
655
755
901
629
684
913
792
59
172
353
429
306
475
372
49
48
265
774
174
399
907
104
532
866
588
876
812
245
600
272
709
255
379
611
237
63
524
29
474
696
734
256
354
209
628
403
257
893
530
431
644
437
887
177
303
475
405
467
720
5
91
782
613
470
393
850
885
917
879
360
965
965
616
671
174
244
74
431
489
956
214
485
393
101
662
48
928
420
868
0
425
959
782
390
782
175
240
667
444
471
27
761
436
995
432
962
591
859
745
80
815
959
566
561
412
580
961
692
0
829
693
778
141
475
168
923
3
761
590
799
232
970
913
21
965
345
983
557
556
729
637
372
40
555
285
805
488
246
497
488
428
190
618
569
18
787
492
373
900
82
172
484
52
85
505
370
783
489
927
339
570
916
63
610
824
700
415
312
299
265
800
727
455
771
296
825
910
140
198
810
574
723
294
979
160
800
349
943
641
276
635
563
544
50
173
368
751
941
680
402
206
833
129
13
604
777
839
514
917
389
676
491
112
970
470
273
122
819
568
115
447
555
678
344
958
204
712
61
145
745
463
703
578
592
68
534
369
907
400
638
649
76
481
113
398
952
738
521
123
307
636
923
214
667
267
172
871
331
233
368
76
696
71
6
640
139
892
361
399
292
999
48
720
481
513
119
785
252
992
260
911
980
183
125
647
802
650
870
134
235
238
210
932
309
569
924
801
461
638
200
106
989
600
826
822
465
297
607
717
641
868
628
974
403
106
973
206
108
844
692
343
82
902
627
744
823
552
897
285
190
449
391
531
49
569
354
866
219
961
584
860
181
564
186
937
22
160
495
130
4
187
474
438
89
101
534
265
5
431
550
547
880
293
79
281
214
433
148
433
746
732
646
280
648
832
217
671
992
712
801
348
899
627
139
340
81
673
605
86
457
507
986
337
152
417
619
367
850
119
152
948
203
798
228
851
983
797
874
327
861
676
28
760
655
167
453
736
192
410
175
649
270
161
987
422
930
958
141
780
429
294
80
632
444
309
483
427
458
358
107
320
386
135
432
41
302
885
130
846
648
305
496
918
818
835
340
748
145
834
880
574
128
960
206
924
621
41
704
80
751
811
752
137
946
184
531
600
70
661
446
718
318
942
988
136
129
328
236
274
162
116
848
642
76
406
567
50
448
623
482
199
434
234
689
380
418
572
980
840
233
778
910
903
721
898
39
202
579
275
477
93
743
677
88
819
84
7
221
884
630
703
83
64
289
124
796
60
696
776
900
281
906
163
184
627
61
575
830
992
850
659
86
593
336
526
765
772
533
338
656
163
394
92
227
683
216
375
743
265
503
996
546
409
159
731
389
572
306
571
917
509
230
355
454
918
881
219
691
414
910
699
577
304
791
156
987
360
531
83
625
34
431
171
795
942
254
184
866
561
755
783
70
985
138
524
256
19
96
947
433
6
998
362
310
790
870
649
150
401
84
127
787
515
298
935
809
553
119
676
466
875
811
888
212
950
412
468
321
860
767
755
218
766
469
880
908
340
882
410
93
966
537
233
834
187
168
643
740
287
671
558
514
483
446
727
433
211
547
754
71
667
861
642
785
331
522
693
23
404
455
116
371
992
349
557
531
869
552
272
157
224
830
23
707
277
750
492
840
650
598
911
317
460
553
102
143
428
795
518
832
602
634
555
594
336
464
125
205
17
749
714
241
932
738
300
561
840
792
401
490
742
664
807
554
570
909
49
998
56
567
182
658
202
90
604
538
554
82
95
571
183
810
164
115
548
464
28
740
608
781
231
703
446
38
257
16
300
307
366
708
874
548
719
428
990
323
318
545
757
414
468
941
576
633
408
124
449
437
216
410
570
447
113
16
838
370
384
138
29
750
198
904
651
917
332
641
241
651
186
350
417
7
291
993
992
52
469
441
841
685
203
411
133
316
428
971
39
812
461
68
915
659
972
566
577
657
559
170
660
98
520
77
105
164
70
97
216
539
890
57
224
94
820
709
410
248
680
449
413
493
518
680
505
842
246
82
851
805
604
511
903
476
588
360
992
658
457
208
549
348
617
126
442
438
835
204
38
868
6
803
361
876
483
866
718
81
300
570
239
256
433
142
733
22
855
725
32
312
286
582
12
255
708
806
45
543
363
436
763
369
239
477
245
75
343
315
156
996
237
395
604
23
890
689
45
745
767
77
409
53
11
774
660
71
932
706
967
295
494
730
16
85
207
613
160
903
929
669
251
518
416
855
541
306
545
938
403
312
368
165
717
379
939
377
803
223
435
770
519
281
500
535
367
60
501
527
963
782
548
566
300
965
421
194
271
318
484
27
982
852
192
699
584
483
429
387
706
216
509
577
498
9
465
865
421
966
744
384
748
293
302
400
610
724
946
881
42
431
260
377
635
804
76
219
287
857
958
346
426
467
275
924
829
740
141
250
58
237
987
158
882
289
559
492
13
857
726
408
288
986
785
276
791
213
495
430
423
454
776
849
273
52
125
102
144
266
353
203
855
692
361
738
981
272
230
347
130
956
107
770
295
244
398
438
457
894
868
232
700
997
81
973
49
206
428
545
824
133
100
680
825
462
418
806
86
0
153
568
309
260
691
604
504
89
42
314
335
262
546
387
259
980
713
308
186
141
206
363
274
306
43
99
120
813
257
559
813
411
127
122
23
170
78
880
260
472
546
947
735
92
335
994
424
48
655
963
189
861
326
815
519
369
266
640
182
523
199
347
286
678
822
310
849
252
542
461
725
88
408
460
532
743
806
957
791
813
920
332
674
598
147
546
967
413
186
501
937
737
200
575
767
22
237
616
275
779
77
352
867
838
164
752
581
970
61
725
784
981
57
810
579
557
356
898
322
894
751
611
983
303
187
751
326
424
719
953
204
149
657
423
987
821
527
920
143
588
997
927
569
407
90
500
964
798
750
638
45
853
250
380
157
437
483
835
213
203
140
769
704
797
193
691
970
720
963
113
661
961
393
230
720
483
83
684
633
185
322
678
39
924
411
548
713
894
383
927
97
875
696
153
24
241
196
994
314
160
107
975
473
500
557
193
335
992
229
969
178
903
999
569
828
762
469
541
657
204
820
106
79
869
260
103
110
456
97
776
616
556
103
441
57
661
986
744
5
215
713
535
471
65
104
299
827
573
192
836
129
13
943
208
234
203
663
344
659
760
473
628
669
576
421
726
589
408
470
595
975
536
130
446
953
587
97
132
512
290
969
642
655
912
850
889
467
866
585
478
626
410
458
647
987
880
373
928
640
196
523
967
84
6
414
389
593
511
521
105
153
490
747
160
754
950
401
221
816
339
700
794
749
510
442
88
390
167
17
382
715
540
350
799
546
116
540
491
627
62
597
133
904
696
645
659
646
47
232
814
386
932
961
487
795
403
576
185
922
593
920
638
133
270
789
32
386
330
523
365
744
472
850
648
169
496
307
167
543
540
334
281
824
295
768
619
698
344
157
972
937
429
962
423
51
752
455
437
434
330
154
178
803
5
178
324
853
486
843
396
378
177
29
554
472
797
526
522
142
35
495
431
464
457
854
515
561
661
304
347
344
458
525
499
815
56
823
668
542
666
416
272
844
445
178
668
595
704
191
89
739
38
520
203
847
727
718
409
740
374
756
436
833
634
935
0
690
758
21
584
777
789
208
973
235
386
641
182
91
184
271
182
222
143
386
70
222
456
831
315
831
939
751
16
573
687
368
615
797
389
199
926
179
759
899
766
146
893
948
589
77
571
771
652
714
509
722
937
966
905
252
149
844
355
517
418
42
885
385
192
275
937
118
806
696
18
572
194
263
872
783
340
443
555
344
509
64
66
798
382
323
402
883
168
758
400
938
800
286
323
344
913
612
463
719
309
833
643
503
96
867
639
788
662
546
133
171
610
551
322
345
875
724
228
43
482
629
333
635
267
656
979
180
621
794
251
930
627
894
785
723
113
424
512
775
970
645
298
933
548
620
630
423
345
858
818
179
839
151
166
106
160
498
286
781
292
889
711
920
783
848
995
248
625
507
23
947
504
674
232
53
294
862
828
991
73
647
523
912
798
689
371
958
187
9
739
832
899
802
752
34
3
747
283
628
607
658
575
463
332
160
868
979
22
697
970
447
696
493
360
846
535
83
805
74
92
896
906
343
51
10
378
54
110
13
682
717
671
609
532
356
769
753
335
144
802
305
591
498
151
303
344
686
386
501
112
831
750
19
174
801
381
904
855
491
917
889
560
589
850
93
945
620
198
632
116
0
937
707
498
440
363
194
126
101
696
591
932
446
610
459
599
343
715
454
835
633
695
395
574
545
840
871
517
38
503
633
38
792
693
888
233
408
435
711
509
483
302
794
281
912
253
880
608
968
686
443
953
381
190
527
926
31
750
444
421
253
429
812
46
122
52
279
882
487
990
392
970
293
186
251
557
791
483
165
111
169
960
417
550
151
944
829
534
47
273
955
300
54
119
698
529
172
329
411
659
320
803
982
965
341
585
874
132
421
392
596
590
704
13
493
855
309
322
389
356
947
697
9
1
816
707
530
988
37
942
0
709
745
334
26
87
271
900
571
692
644
167
283
349
532
776
556
842
450
946
550
397
995
559
398
811
267
281
152
656
223
504
365
320
838
391
759
109
643
331
154
640
850
437
341
735
565
897
577
367
843
479
764
190
39
514
2
658
795
506
314
370
10
31
691
200
774
450
661
769
781
815
409
984
604
750
719
169
648
648
536
843
127
652
34
518
519
388
176
314
894
842
685
904
873
728
456
647
178
117
417
312
933
178
296
537
929
367
59
929
15
947
124
494
952
158
13
471
546
189
137
792
32
174
48
257
902
504
257
81
622
26
393
907
204
41
796
485
408
855
414
775
155
539
269
459
49
282
930
948
824
67
740
208
242
789
465
144
293
722
577
267
100
970
174
305
11
323
790
771
530
557
546
685
448
816
144
497
450
426
445
274
846
186
482
440
327
300
584
972
22
514
240
123
484
766
780
848
89
922
619
620
479
518
657
927
334
154
777
136
580
222
411
778
760
893
218
87
193
155
412
568
669
652
43
153
770
175
353
860
97
325
832
577
843
489
856
529
995
633
665
928
208
76
706
968
322
925
408
867
80
820
787
749
824
182
254
594
357
960
806
807
285
638
384
480
480
592
9
827
578
26
755
786
455
462
106
777
739
866
996
171
38
136
272
862
318
878
809
28
838
615
835
123
606
571
603
438
163
964
265
93
991
21
879
446
835
338
575
926
204
571
97
595
59
721
809
378
599
618
758
438
586
593
561
544
164
517
982
679
481
247
125
472
620
356
270
455
694
845
733
251
769
830
846
828
551
655
558
503
626
316
941
564
909
854
108
425
723
90
457
205
337
582
29
310
290
300
765
985
497
499
588
266
681
434
447
585
441
5
88
419
322
381
983
583
235
91
361
959
181
170
516
871
104
897
181
394
197
298
379
47
149
967
313
183
753
760
768
547
118
208
966
440
589
950
375
176
41
88
487
575
258
355
798
362
253
331
109
450
981
840
497
131
160
163
314
913
275
434
460
393
642
779
185
583
729
913
111
122
1
599
49
260
954
847
974
207
530
83
10
512
924
859
995
84
22
661
349
650
95
162
43
89
941
581
672
670
494
783
144
495
734
194
107
41
41
82
248
924
517
610
436
793
470
783
229
844
444
579
494
891
93
890
332
34
471
356
56
965
491
552
460
226
746
568
267
140
2
867
64
519
478
852
665
948
987
894
144
431
825
991
674
918
881
6
304
352
362
712
669
853
265
129
431
11
49
698
503
403
566
567
275
396
771
940
696
758
834
840
541
660
831
215
930
64
573
235
416
935
947
85
141
564
567
572
576
968
623
431
724
541
999
999
937
122
939
633
233
125
825
774
137
657
342
68
721
915
655
490
203
954
927
696
519
846
268
447
815
243
878
539
784
229
890
721
704
181
706
937
306
532
711
796
189
405
216
262
673
871
752
876
177
32
924
48
878
544
495
45
788
726
936
572
307
826
646
11
7
352
300
666
884
12
462
73
769
678
688
442
901
792
670
430
824
594
479
55
139
974
100
927
52
37
851
360
215
497
723
575
850
24
241
86
388
55
512
157
85
200
600
338
992
270
768
169
217
247
224
356
574
676
635
626
65
486
338
281
336
414
208
538
790
449
624
178
856
136
687
941
688
639
279
33
262
47
202
479
647
778
187
221
806
822
847
872
660
538
505
348
952
713
886
742
514
863
272
370
999
959
311
688
599
942
721
861
989
275
692
636
405
879
209
211
701
409
435
713
947
940
62
251
5
300
345
519
163
617
241
163
928
552
203
879
846
276
92
188
903
784
176
660
15
386
871
68
795
659
782
742
951
196
345
957
496
690
828
660
659
70
175
939
974
730
171
821
358
263
9
261
400
537
921
415
923
144
484
718
803
618
812
755
814
509
64
310
199
892
322
210
314
497
502
641
579
673
814
937
936
175
198
688
712
471
104
636
616
940
706
771
558
519
878
724
28
942
386
580
187
709
142
853
558
644
494
138
669
660
75
958
835
626
646
548
97
102
184
65
42
890
189
952
761
67
676
790
362
63
722
901
772
864
754
682
861
601
820
882
261
248
840
97
874
487
997
323
589
181
741
984
423
930
936
185
349
613
327
63
28
401
964
152
617
71
834
830
672
7
713
285
255
553
734
129
392
731
804
982
912
545
966
688
827
254
225
177
219
904
592
247
305
557
399
274
628
586
105
652
593
818
289
848
723
24
329
116
755
133
98
20
679
416
60
506
22
285
35
242
541
628
489
846
537
241
472
517
827
577
521
420
747
810
620
471
834
949
939
590
82
389
962
113
805
22
972
179
307
359
421
848
987
263
46
876
504
518
745
683
448
266
455
547
77
75
370
911
24
309
853
106
698
815
572
855
189
544
35
496
903
808
696
243
71
94
119
927
965
865
610
765
483
65
312
560
492
683
824
516
344
677
975
43
845
547
250
34
91
285
883
346
94
931
589
517
26
61
445
343
278
55
108
761
473
420
322
965
455
146
834
800
175
809
195
372
708
445
407
151
731
642
497
177
573
439
694
951
500
139
294
778
547
402
539
20
175
213
337
630
359
171
782
887
332
977
259
40
423
666
543
506
660
41
35
234
832
729
537
332
221
832
110
120
586
1
140
761
215
829
744
926
1
526
813
333
856
73
726
279
91
269
137
104
662
524
338
494
253
227
178
826
59
640
946
646
642
438
407
209
268
151
135
621
30
301
306
886
726
32
517
169
654
6
273
668
530
963
163
135
191
693
962
250
334
260
248
328
699
8
537
319
159
24
940
541
677
598
427
403
631
944
573
637
950
198
305
832
162
820
968
353
514
930
955
848
190
204
528
241
212
65
912
723
441
204
265
119
803
44
522
786
341
447
423
643
646
728
476
160
549
444
513
415
374
820
615
916
24
143
510
588
208
422
312
1
627
929
120
782
973
995
568
314
794
991
958
792
71
434
952
620
230
817
387
956
638
2
872
662
145
734
251
705
157
915
707
136
844
827
270
817
174
838
484
969
829
794
761
900
580
66
873
810
883
260
766
521
615
990
536
760
725
787
818
234
54
525
722
898
704
992
67
879
830
551
200
11
697
313
263
277
379
488
87
263
101
205
136
716
196
672
828
921
811
646
507
865
523
229
763
228
221
183
459
403
734
11
766
432
324
381
61
704
870
149
319
971
354
455
39
902
128
219
823
939
866
330
157
389
911
272
969
132
455
780
887
542
791
5
326
116
387
387
820
257
888
139
580
595
946
971
497
426
190
321
718
408
3
875
798
915
147
119
399
603
900
287
145
691
644
823
807
31
210
979
640
99
470
220
694
417
543
191
195
734
864
913
142
220
788
292
135
936
764
534
891
664
173
388
707
818
211
515
201
773
846
842
872
669
414
918
438
958
462
633
44
326
547
538
546
335
183
33
623
947
920
514
963
445
254
670
263
817
537
465
591
384
659
815
405
73
734
843
31
548
476
427
874
23
966
773
711
501
158
334
448
78
201
411
524
807
433
139
625
971
956
216
707
615
31
112
689
117
307
72
665
783
852
892
159
170
17
870
671
175
556
471
606
109
882
482
917
667
621
894
638
930
110
697
545
493
161
586
963
468
11
628
604
863
872
763
33
241
985
56
417
541
527
375
3
761
857
272
428
830
166
419
760
276
116
658
121
630
244
84
98
607
65
702
822
289
465
207
531
802
263
300
696
790
27
699
903
884
971
332
714
137
103
827
765
219
485
238
201
81
675
300
689
92
354
863
381
172
71
264
974
334
564
670
477
591
721
380
827
692
64
894
181
167
721
298
739
206
537
940
287
212
592
328
304
947
192
37
119
615
302
445
949
218
116
778
162
189
511
989
882
927
883
415
447
604
714
538
162
251
478
802
815
423
482
471
722
674
508
841
289
810
638
591
381
754
721
543
944
584
532
178
512
768
945
311
372
659
849
887
262
679
689
429
102
171
900
824
198
409
17
839
571
656
782
952
762
856
847
58
440
380
588
304
148
534
615
872
193
464
111
808
496
800
237
598
324
138
775
874
899
144
65
822
152
200
127
267
56
974
325
848
706
914
153
206
800
120
79
345
937
542
153
433
695
743
383
19
233
158
245
132
655
662
306
807
862
785
74
918
112
752
119
818
18
272
377
818
392
808
163
681
350
317
114
45
60
498
416
293
8
661
777
663
676
435
471
538
221
897
809
685
649
928
503
19
552
232
837
296
40
1
978
391
670
92
436
82
590
853
727
599
866
856
614
542
643
437
433
216
335
594
901
336
522
757
708
426
989
545
722
30
898
52
421
920
145
209
354
87
414
433
38
281
289
5
175
285
442
960
501
129
554
403
818
428
512
526
854
501
71
929
531
322
981
304
242
478
514
949
918
280
382
956
561
24
961
89
309
756
49
162
885
604
565
703
32
429
229
239
931
653
168
814
975
149
119
569
980
985
870
898
265
253
854
179
629
168
620
938
276
669
452
161
625
370
217
10
799
446
249
730
451
417
545
778
918
16
700
898
1
570
796
618
175
3
149
804
523
769
94
799
439
547
312
416
917
529
426
716
328
675
799
779
444
344
558
715
360
610
613
713
180
762
683
356
117
833
512
992
602
607
791
393
154
103
810
423
985
236
491
313
912
290
444
708
634
354
423
346
964
389
411
497
503
95
853
620
928
717
612
530
324
755
276
830
210
86
605
195
322
97
860
586
387
305
295
374
659
70
720
624
459
132
121
962
579
326
934
507
43
546
389
720
653
665
902
864
751
508
59
426
605
920
364
344
577
11
718
236
82
791
212
541
275
333
856
854
11
790
713
407
689
102
127
694
120
29
558
223
889
970
649
494
242
366
839
819
377
909
55
459
700
268
353
975
953
209
829
317
351
542
724
392
997
203
87
117
584
997
340
474
967
342
320
209
708
511
380
85
421
436
897
121
56
250
97
361
811
278
30
514
173
754
259
170
309
698
639
894
695
331
720
663
673
40
224
733
552
605
171
325
393
68
446
801
670
895
514
481
526
545
995
699
651
606
221
961
304
860
207
0
191
927
15
217
319
591
302
223
548
825
548
941
893
347
94
915
594
961
396
120
506
744
819
157
350
392
470
655
252
29
7
796
308
22
365
628
613
19
203
514
845
104
455
90
451
902
6
45
863
402
166
721
498
337
230
201
82
53
856
334
82
215
482
391
237
199
371
202
219
574
716
64
678
524
506
481
778
512
879
993
267
397
714
765
86
944
966
168
997
174
855
432
389
337
823
978
889
194
533
108
120
601
524
151
477
382
984
607
895
863
600
162
260
314
279
347
611
598
867
960
124
722
392
866
412
567
196
301
113
81
761
234
683
637
385
512
19
721
120
266
585
720
780
197
387
60
896
350
10
764
310
134
486
55
352
898
622
549
199
736
630
312
322
665
949
59
178
321
780
298
587
365
370
368
915
757
780
811
107
142
575
770
276
62
177
981
312
799
882
864
887
512
176
561
530
126
620
708
799
401
358
386
118
80
754
33
838
886
197
297
28
772
419
657
186
596
638
499
748
520
363
987
384
539
549
914
17
169
974
816
922
684
555
393
765
661
778
955
548
975
604
928
100
24
585
286
972
575
137
72
95
500
412
832
392
961
98
761
482
73
930
757
109
837
150
874
498
280
181
398
256
786
327
356
162
912
994
486
488
132
559
935
984
323
119
728
284
218
842
118
643
772
227
752
961
729
627
459
10
808
858
618
946
185
974
108
449
320
595
937
452
506
225
789
829
344
517
465
914
711
935
557
835
163
310
796
892
289
256
902
449
466
520
748
651
846
856
100
519
803
390
323
661
967
112
490
663
982
307
578
45
243
135
881
406
797
677
650
438
285
553
240
751
425
988
754
624
196
207
495
352
949
818
13
916
283
856
579
265
163
157
310
406
645
543
164
794
221
815
585
506
720
177
610
497
165
364
473
713
923
968
417
872
787
431
788
70
639
720
687
802
229
349
561
226
893
725
21
466
892
958
324
612
135
286
110
652
3
935
717
926
904
135
799
43
918
939
113
557
659
152
711
241
853
272
467
98
350
840
916
594
798
241
207
285
879
669
937
882
604
655
809
860
142
608
903
60
899
368
617
559
520
328
800
726
953
619
824
655
460
93
249
610
334
808
896
213
477
833
96
434
840
257
294
982
217
550
42
116
918
11
27
791
692
827
517
645
799
693
300
259
786
901
869
472
710
765
38
539
951
486
973
143
743
620
126
960
170
520
428
440
532
456
231
224
635
748
221
434
794
873
693
580
774
915
405
484
32
443
24
335
929
349
479
24
321
957
336
491
477
764
932
361
220
515
585
856
264
158
642
410
31
336
342
806
603
747
642
987
190
18
323
471
368
802
847
689
111
183
533
588
948
817
950
520
332
887
728
948
46
371
358
77
59
701
235
662
448
878
649
991
248
324
814
616
478
662
658
589
845
543
530
145
360
480
666
692
719
394
641
765
765
351
195
824
52
430
838
853
660
840
844
909
164
658
877
643
320
535
584
518
78
114
663
790
594
681
483
666
76
476
431
193
179
626
370
232
409
560
437
69
400
633
330
565
643
208
560
964
95
144
834
526
611
849
316
557
531
151
223
959
979
655
504
159
633
874
743
42
435
180
464
187
813
146
752
456
354
664
772
802
161
958
328
772
808
996
329
691
148
553
650
479
560
154
638
193
381
733
588
168
913
52
355
78
550
460
887
257
124
11
59
285
322
739
409
130
735
739
821
235
644
823
715
204
977
705
397
710
439
337
878
704
389
234
783
292
694
22
549
170
385
608
808
707
347
217
189
434
956
10
22
952
185
737
156
515
794
906
225
233
243
456
938
985
42
73
277
736
447
826
258
832
786
66
540
485
284
729
919
592
92
293
545
277
30
53
792
825
959
370
410
203
826
348
540
868
773
817
956
220
995
214
53
781
633
945
266
917
26
537
861
470
183
758
100
213
812
244
390
123
614
153
678
792
501
218
12
627
387
968
847
382
535
252
515
168
197
781
437
576
671
298
398
854
57
498
419
221
743
162
344
709
315
23
502
168
241
866
795
629
835
643
363
722
895
879
890
445
12
327
373
35
977
771
889
386
622
661
607
365
175
304
426
490
327
280
10
920
147
806
901
334
801
265
56
48
144
946
493
508
625
218
544
954
990
785
693
612
446
300
329
621
956
107
463
283
388
474
556
887
280
457
221
81
74
277
129
570
575
975
79
552
545
623
858
535
408
551
499
207
